    1: "#FFFFEB",
    2: "#F2DB5E",
    3: "#DBC651",
    4: "#B9A63D",
    5: "#D99292",
    6: "#BD4882",
    7: "#80366B",
    8: "#422445",
    9: "#492C0C",
    10: "#2C1B08",
    11: "#EA0707",
    12: "#BE0000",
    13: "#66FFE3"


first look
  pixels: [
    [ 0,11,11, 1,11,11,11,11, 1,11,11, 1, 0, 0, 0, 0],
    [11,11, 1,11,11,11, 1,11,11,11,11,11,11, 0, 0, 0],
    [ 0, 0, 0,11, 1,11,11,11,11, 1,11,11, 1,11, 0, 0],
    [ 0, 0, 0, 0,11, 1,11, 1,11,11,12,12,12, 1, 0, 0],
    [ 0, 0, 0, 0,11,11,11,11,11,11,10,10,12,11,11,11],
    [ 0, 0,11,11,11, 1,11,11, 1, 9,13, 9,12,12, 1, 0],
    [ 0, 1,11, 1,11,11,11, 2, 2, 9, 9, 9, 0, 0, 0, 0],
    [11,11,11,11,11, 1, 2,10, 9, 9, 9, 0, 0, 0, 0, 0],
    [ 0, 0, 0, 0, 2, 2, 2, 4, 9, 0, 0, 0, 0, 0, 0, 0],
    [ 0, 0, 0, 0, 2, 2, 2, 4, 6, 6, 0, 0, 0, 0, 0, 0],
    [ 0, 0, 0, 0, 2, 2, 4, 9, 9, 9, 6,10,10, 0, 0, 0],
    [ 2, 2, 2, 4, 2, 2,10, 4, 5, 6, 5, 0, 0,10, 0, 0],
    [ 2, 3, 4, 2, 2,10, 4, 7, 7, 7,10,10, 0, 0, 0, 0],
    [ 2, 3, 4, 3, 2,10, 4, 8,10, 8, 8, 8, 0, 0, 0, 0],
    [ 2, 3, 3, 3, 2, 2, 4, 8,10, 8, 8, 8, 0, 0, 0, 0],
    [ 2, 2, 2, 2, 2, 4, 8,10, 8, 8, 8, 8, 8, 0, 0, 0]
  ]

second look
  pixels: [
    [ 0,11,11, 1,11,11,11,11, 1,11,11, 1, 0, 0, 0, 0],
    [11,11, 1,11,11,11, 1,11,11,11,11,11,11, 0, 0, 0],
    [ 0, 0, 0,11, 1,11,11,11,11, 1,11,11, 1,11, 0, 0],
    [ 0, 0, 0, 0,11, 1,11, 1,11,11,12,12,12, 1, 0, 0],
    [ 0, 0, 0, 0,11,11,11,11,11,11,10,10,12,11,11,11],
    [ 0, 0,11,11,11, 1,11,11, 1, 9,13, 9,12,12, 1, 0],
    [ 0, 1,11, 1,11,11,11, 2, 2, 9, 9, 9, 0, 0, 0, 0],
    [11,11,11,11,11, 1, 2,10, 9, 9, 9, 0, 0, 0, 0, 0],
    [ 0, 0, 0, 0, 2, 2, 2, 4, 9, 0, 0, 0, 0, 0, 0, 0],
    [ 0, 0, 0, 0, 2, 2, 2, 4, 6, 6, 0, 0, 0, 0, 0, 0],
    [ 0, 0, 0, 0, 2, 2, 4, 9, 9, 9, 6,10,10, 0, 0, 0],
    [ 2, 2, 2, 4, 2, 2,10, 4, 5, 6, 5, 0, 0,10, 0, 0],
    [ 2, 3, 4, 2, 2,10, 4, 7, 7, 7,10,10, 0, 0, 0, 0],
    [ 2, 3, 4, 3, 2,10, 4, 8,10, 8, 8, 8, 0, 0, 0, 0],
    [ 2, 3, 3, 3, 2, 2, 4, 8,10, 8, 8, 8, 0, 0, 0, 0],
    [ 2, 2, 2, 2, 2, 4, 8,10, 8, 8, 8, 8, 8, 0, 0, 0]
  ]

terceiro look
  pixels: [
    [ 0,11,11, 1,11,11,11,11, 1,11,11, 1, 0, 0, 0, 0],
    [11,11, 1,11,11,11, 1,11,11,11,11,11,11, 0, 0, 0],
    [ 0, 0, 0,11, 1,11,11,11,11, 1,11,11, 1,11, 0, 0],
    [ 0, 0, 0, 0,11, 1,11, 1,11,11,12,12,12, 1, 0, 0],
    [ 0, 0, 0, 0,11,11,11,11,11,11,10,10,12,11,11,11],
    [ 0, 0,11,11,11, 1,11,11, 1, 9,13, 9,12,12, 1, 0],
    [ 0, 1,11, 1,11,11,11, 2, 2, 9, 9, 9, 0, 0, 0, 0],
    [11,11,11,11,11, 1, 2,10, 9, 9, 9, 0, 0, 0, 0, 0],
    [ 0, 0, 0, 0, 2, 2, 2, 4, 9, 0, 0, 0, 0, 0, 0, 0],
    [ 0, 0, 0, 0, 2, 2, 2, 4, 6, 6, 0, 0, 0, 0, 0, 0],
    [ 0, 0, 0, 0, 2, 2, 4, 9, 9, 9, 6,10,10, 0, 0, 0],
    [ 2, 2, 2, 4, 2, 2,10, 4, 5, 6, 5, 0, 0,10, 0, 0],
    [ 2, 3, 4, 2, 2,10, 4, 7, 7, 7,10,10, 0, 0, 0, 0],
    [ 2, 3, 4, 3, 2,10, 4, 8,10, 8, 8, 8, 0, 0, 0, 0],
    [ 2, 3, 3, 3, 2, 2, 4, 8,10, 8, 8, 8, 0, 0, 0, 0],
    [ 2, 2, 2, 2, 2, 4, 8,10, 8, 8, 8, 8, 8, 0, 0, 0]
  ]

  palette // QUARTO LOOK
  hat/dress
  1: "#EA0707",
  2: "#980000",
  3: "#6B0000",
  4: "#330000",
  5: "#F19B07",

  6: "#66FFE3",
  7: "#F2DB5E",
  8: "#988B41",
  9: "#5A265E",
  10:"#492C0B",
  11"#272736",
  12"#3CA370"



querto look

  pixels: [
    [ 0, 1, 1, 1, 1, 1, 1, 1, 1, 1, 1, 1, 0, 0, 0, 0],
    [ 1, 1, 1, 4, 4, 4, 4, 4, 4, 4, 4, 5, 1, 0, 0, 0],
    [ 0, 0, 1, 1, 1, 4, 4, 4, 2, 2, 5, 5, 5, 1, 0, 0],
    [ 0, 0, 0, 0, 1, 4, 2, 2, 2, 1, 1, 1, 1, 1, 1, 0],
    [ 0, 0, 0, 0, 1, 2, 2, 1, 1, 1, 8, 8, 8, 2, 1, 1],
    [ 0, 0, 1, 1, 1, 2, 1, 1, 8,10,10,10, 8, 1, 1, 0],
    [ 0, 1, 1, 4, 1, 1, 1, 8, 8,10,12,10, 8, 0, 0, 0],
    [ 1, 1, 1, 1, 1, 1, 8, 8,10, 9,10,10, 0, 0, 0, 0],
    [ 0, 0, 0, 0, 8, 8, 8, 8,10, 0, 8, 0, 0, 0, 0, 0],
    [ 0, 0, 0, 8, 8, 8, 8, 3, 3, 3, 8,11,11,11, 0, 0],
    [ 0, 0, 0, 8, 8, 7, 7, 2,10, 2, 0,11,12,11, 0, 0],
    [ 0, 0, 8, 7, 7, 7, 7, 2,10, 2, 0,11,11,11, 0, 0],
    [ 0, 8, 7, 7, 7, 7, 4, 3,10,10,10,11, 0, 0, 0, 0],
    [ 8, 7, 7, 7, 7, 4, 4, 4, 4, 4, 0,11, 0, 0, 0, 0],
    [ 7, 7, 7, 7, 4, 4, 4, 4, 4, 4, 0,11, 0, 0, 0, 0],
    [ 7, 7, 7, 4, 4, 4, 4, 4, 4, 4, 0,11, 0, 0, 0, 0]
  ]

WALL SPRITE
pixels: [
  [100,100,100,100,100,100,100,100,100,100,100,100,100,100,100,100],
  [100,101,100,100,100,100,100,100,100,100,100,100,100,100,101,100],
  [100,100,101,101,101,101,101,101,101,101,101,101,101,101,100,100],
  [100,100,101,104,101,101,101,101,101,101,101,101,104,101,100,100],
  [],
  [],
  [],
  [],
  [],



  [100,100,101,104,101,101,101,101,101,101,101,101,104,101,100,100],
  [100,100,101,101,101,101,101,101,101,101,101,101,101,101,100,100],
  [100,101,100,100,100,100,100,100,100,100,100,100,100,100,101,100],
  [100,100,100,100,100,100,100,100,100,100,100,100,100,100,100,100]
]

wall sprite 2

pixels: [
  [1,1,2,1,1,1,6,1,1,6,1,1,1,2,1,1],
  [1,2,5,2,1,1,1,6,6,1,1,1,2,5,2,1],
  [2,5,2,7,5,2,2,6,6,2,2,5,7,2,5,2],
  [1,2,7,5,2,5,6,2,2,6,5,2,5,7,2,1],
  [1,1,5,2,5,6,7,5,5,7,6,5,2,5,1,1],
  [1,1,2,5,6,7,5,5,5,5,7,6,5,2,1,1],
  [6,1,2,6,7,5,7,7,7,7,5,7,6,2,1,6],
  [1,6,6,2,5,5,7,6,6,7,5,5,2,6,6,1],
  [1,6,6,2,5,5,7,6,6,7,5,5,2,6,6,1],
  [6,1,2,6,7,5,7,7,7,7,5,7,6,2,1,6],
  [1,1,2,5,6,7,5,5,5,5,7,6,5,2,1,1],
  [1,1,5,2,5,6,7,5,5,7,6,5,2,5,1,1],
  [1,2,7,5,2,5,6,2,2,6,5,2,5,7,2,1],
  [2,5,2,7,5,2,2,6,6,2,2,5,7,2,5,2],
  [1,2,5,2,1,1,1,6,6,1,1,1,2,5,2,1],
  [1,1,2,1,1,1,6,1,1,6,1,1,1,2,1,1],

]

floor sprite

pixels: [
  [3,3,3,3,3,3,3,3,3,3,3,3,3,3,3,3],
  [3,4,3,3,3,3,3,3,3,3,3,3,3,3,4,3],
  [3,3,4,4,4,4,4,4,4,4,4,4,4,4,3,3],
  [3,3,4,3,4,4,4,4,4,4,4,4,3,4,3,3],
  [3,3,4,4,8,8,8,9,9,8,8,8,4,4,3,3],
  [3,3,4,4,8,10,8,9,9,8,10,8,4,4,3,3],
  [3,3,4,4,8,8,10,10,10,10,8,8,4,4,3,3],
  [3,3,4,4,9,9,10,9,9,10,9,9,4,4,3,3],
  [3,3,4,4,9,9,10,9,9,10,9,9,4,4,3,3],
  [3,3,4,4,8,8,10,10,10,10,8,8,4,4,3,3],
  [3,3,4,4,8,10,8,9,9,8,10,8,4,4,3,3],
  [3,3,4,4,8,8,8,9,9,8,8,8,4,4,3,3],
  [3,3,4,3,4,4,4,4,4,4,4,4,3,4,3,3],
  [3,3,4,4,4,4,4,4,4,4,4,4,4,4,3,3],
  [3,4,3,3,3,3,3,3,3,3,3,3,3,3,4,3],
  [3,3,3,3,3,3,3,3,3,3,3,3,3,3,3,3],
]

ENEMIES

golem
pixels: [
[0,0,0,17,17,17,17,17,17,17,17,17,0,0,0,0],
[0,0,17,18,18,18,18,18,18,18,18,18,17,0,0,0],
[0,17,18,19,19,18,18,18,18,18,19,19,18,17,0,0],
[0,17,18,19,18,18,17,17,17,17,18,19,18,17,0,0],
[17,18,18,18,18,17,17,18,18,17,17,18,18,18,17,0],
[17,18,18,18,17,17,18,19,19,18,17,17,18,18,17,0],
[17,18,18,17,17,18,19,18,18,19,18,17,17,18,17,0],
[0,17,17,17,18,19,18,17,17,18,19,18,17,17,0,0],
[0,0,17,18,18,18,17,17,17,17,18,18,18,17,0,0],
[0,0,17,18,18,17,17,0,0,17,17,18,18,17,0,0],
[0,0,0,17,17,17,0,0,0,0,17,17,17,0,0,0],
[0,0,0,17,18,17,0,0,0,0,17,18,17,0,0,0],
[0,0,0,18,18,18,0,0,0,0,18,18,18,0,0,0],
[0,0,0,18,19,18,0,0,0,0,18,19,18,0,0,0],
[0,0,0,17,17,17,0,0,0,0,17,17,17,0,0,0],
[0,0,0,0,0,0,0,0,0,0,0,0,0,0,0,0]
]

knight
pixels: [
[0,0,0,0,18,18,18,18,18,18,18,18,0,0,0,0],
[0,0,0,18,19,19,19,19,19,19,19,19,18,0,0,0],
[0,0,18,19,18,18,18,18,18,18,18,18,19,18,0,0],
[0,18,19,18,18,18,17,17,17,17,18,18,18,19,18,0],
[0,18,18,18,18,17,17,17,17,17,17,18,18,18,18,0],
[0,0,18,18,17,17,18,18,18,18,17,17,18,18,0,0],
[0,0,0,18,17,18,18,19,19,18,18,17,18,0,0,0],
[0,0,0,17,17,18,19,18,18,19,18,17,17,0,0,0],
[0,0,0,0,17,18,18,18,18,18,18,17,0,0,0,0],
[0,0,0,0,17,17,17,0,0,17,17,17,0,0,0,0],
[0,0,0,17,18,17,0,0,0,0,17,18,17,0,0,0],
[0,0,0,18,18,18,0,0,0,0,18,18,18,0,0,0],
[0,0,18,18,18,18,0,0,0,0,18,18,18,18,0,0],
[0,0,18,19,18,18,0,0,0,0,18,18,19,18,0,0],
[0,0,17,17,17,0,0,0,0,0,0,17,17,17,0,0],
[0,0,0,0,0,0,0,0,0,0,0,0,0,0,0,0]
]

floating eye
pixels: [
[0,0,0,0,0,0,0,8,8,0,0,0,0,0,0,0],
[0,0,0,0,0,8,7,7,7,7,8,0,0,0,0,0],
[0,0,0,0,8,7,6,6,6,6,7,8,0,0,0,0],
[0,0,0,8,7,6,6,5,5,6,6,7,8,0,0,0],
[0,0,8,7,6,6,5,5,5,5,6,6,7,8,0,0],
[0,8,7,6,6,5,5,6,6,5,5,6,6,7,8,0],
[0,8,7,6,5,5,6,7,7,6,5,5,6,7,8,0],
[0,0,8,7,6,6,6,7,7,6,6,6,7,8,0,0],
[0,0,0,8,7,6,6,6,6,6,6,7,8,0,0,0],
[0,0,0,0,8,7,6,6,6,6,7,8,0,0,0,0],
[0,0,0,0,0,8,7,6,6,7,8,0,0,0,0,0],
[0,0,0,0,0,0,8,7,7,8,0,0,0,0,0,0],
[0,0,0,0,0,0,0,8,8,0,0,0,0,0,0,0],
[0,0,0,0,0,0,0,0,0,0,0,0,0,0,0,0],
[0,0,0,0,0,0,0,0,0,0,0,0,0,0,0,0],
[0,0,0,0,0,0,0,0,0,0,0,0,0,0,0,0]
]
